2 73 54
24 53 77
19 82 55
35 83 56
35 56 81
19 55 80
24 88 53
2 54 75
58 78 47
40 89 84
53 74 43
8 9 60
42 55 68
44 56 69
53 43 77
48 92 88
52 84 89
88 92 53
54 73 47
39 69 71
48 57 92
41 75 54
8 60 98
50 78 58
19 20 82
35 36 83
34 35 81
18 19 80
38 78 90
12 58 73
49 86 63
41 54 91
42 80 55
44 81 56
54 47 85
46 76 79
51 79 76
23 24 77
27 61 107
57 99 92
41 59 70
27 28 61
52 107 61
11 75 63
71 69 104
2 12 73
49 71 60
24 25 88
49 97 86
44 106 65
7 98 67
47 57 85
58 47 73
47 99 57
45 60 71
44 72 106
30 31 72
40 85 57
12 94 58
38 90 68
2 75 11
14 15 62
48 87 89
52 89 87
7 8 98
66 77 43
52 61 84
50 90 78
46 59 84
50 62 90
38 68 74
30 72 101
41 91 59
46 84 61
40 57 89
42 90 62
40 84 59
42 62 100
42 64 80
44 65 81
66 43 82
45 83 67
42 100 64
44 69 96
11 63 86
25 26 87
45 98 60
48 89 57
40 59 91
41 63 75
39 70 79
25 87 88
46 61 105
44 96 119
45 67 98
3 13 94
49 60 97
9 97 60
16 64 100
47 78 99
1 86 10
46 108 59
45 71 104
14 62 113
13 113 95
74 53 92
13 14 113
51 101 72
41 93 63
42 68 90
46 105 76
39 96 69
1 11 86
41 70 93
66 114 77
50 58 95
39 102 70
50 113 62
74 68 103
15 16 100
16 109 64
7 67 112
43 103 82
45 104 83
55 82 103
56 83 104
54 85 91
28 105 61
32 110 106
65 106 110
15 100 62
49 102 71
38 74 92
70 102 93
40 91 85
49 63 93
28 29 105
70 108 79
10 86 97
39 79 96
29 76 105
48 88 87
3 94 12
55 103 68
56 104 69
39 71 102
9 10 97
38 92 99
29 30 101
74 103 43
51 96 79
59 108 70
31 32 106
64 118 80
66 82 116
65 115 81
67 83 117
29 101 76
51 72 119
44 119 72
6 110 32
5 111 21
4 109 16
0 112 37
4 17 109
6 33 110
5 22 111
7 112 0
31 106 72
22 23 114
26 27 107
22 114 111
33 34 115
20 21 116
36 37 117
17 18 118
46 79 108
66 111 114
13 95 94
51 76 101
58 94 95
38 99 78
52 87 107
23 77 114
34 81 115
18 80 118
36 117 83
20 116 82
26 107 87
49 93 102
66 116 111
67 117 112
65 110 115
64 109 118
21 111 116
37 112 117
33 115 110
17 118 109
50 95 113
51 119 96
