-0.500000 0.000000
0.000000 0.500000
0.500000 0.000000
3.000000 0.000000
3.000000 3.000000
-3.000000 3.000000
-2.500000 0.000000
-2.000000 0.000000
-1.500000 0.000000
-1.000000 0.000000
-0.353553 0.353553
0.353553 0.353553
1.000000 0.000000
1.500000 0.000000
2.000000 0.000000
2.500000 0.000000
3.000000 0.500000
3.000000 1.000000
3.000000 1.500000
3.000000 2.000000
3.000000 2.500000
2.500000 3.000000
2.000000 3.000000
1.500000 3.000000
1.000000 3.000000
0.500000 3.000000
0.000000 3.000000
-0.500000 3.000000
-1.000000 3.000000
-1.500000 3.000000
-2.000000 3.000000
-2.500000 3.000000
-3.000000 2.500000
-3.000000 2.000000
-3.000000 1.500000
-3.000000 1.000000
-3.000000 0.500000
1.370292 1.481390
-1.351856 1.510829
0.106422 1.722680
-0.458328 1.175186
2.091000 0.915098
2.025396 2.107590
-2.071027 2.071027
-2.060069 0.854348
-0.651496 2.153467
0.606317 1.147179
0.804788 2.155133
-1.133819 0.757501
1.289445 0.689286
-1.414874 2.288586
0.179491 2.384094
1.469913 2.341518
0.064582 1.036204
2.360012 1.500000
-2.360012 1.500000
0.633478 1.682418
0.779301 0.636017
-0.415845 1.690624
-1.657619 0.510418
-0.250611 2.547961
1.760844 0.485487
-0.644261 0.738015
2.456539 0.543461
-2.449098 2.372835
2.394930 2.398583
-2.456539 0.543461
1.847429 1.400769
-1.847429 1.599231
-0.872311 1.476116
-1.603618 1.083937
-1.779053 2.544412
0.366091 0.747923
1.653061 1.840879
-0.260559 0.810545
-1.007762 2.472587
1.914458 2.526258
1.094674 1.095003
-1.119469 1.916375
2.528510 1.056089
-2.528510 1.943911
2.528510 1.943911
-2.528510 1.056089
-0.132541 2.081808
0.304722 1.389063
-0.792404 0.347495
0.612094 2.558115
1.074392 2.552016
0.424576 2.022887
1.632126 1.009847
-0.120432 1.415508
1.154865 1.927821
-0.863477 1.063283
0.729722 0.280307
1.059794 0.389015
-1.544245 1.897351
-1.227846 0.330857
-2.056946 0.415653
0.970169 1.473898
2.121442 0.361472
-1.323933 2.666178
-1.186264 1.169854
2.054608 1.704080
-2.071488 1.244454
-0.666537 2.643261
-2.171071 2.680220
0.222130 2.713658
-0.754326 1.805053
2.709757 0.290243
-2.666218 2.659147
2.709757 2.709757
-2.709757 0.290243
1.360090 0.324197
2.214472 2.716679
-2.746524 2.250000
2.746524 2.250000
-2.746524 0.750000
2.746524 0.750000
-1.740793 2.186932
