1.000000 -0.000000
1.000000 0.000000
0.998973 0.000146
0.000000 1.000000
1.000000 0.000000
0.990780 0.001301
0.000000 1.000000
1.000000 0.000000
0.974528 0.003557
0.000000 1.000000
1.000000 0.000000
0.950484 0.006814
0.000000 1.000000
1.000000 0.000000
0.919044 0.010932
0.000000 1.000000
1.000000 0.000000
0.880723 0.015748
0.000000 1.000000
1.000000 0.000000
0.836150 0.021084
0.000000 1.000000
1.000000 0.000000
0.786058 0.026756
0.000000 1.000000
1.000000 0.000000
0.731269 0.032572
0.000000 1.000000
1.000000 0.000000
0.672683 0.038338
0.000000 1.000000
1.000000 0.000000
0.611260 0.043846
0.000000 1.000000
1.000000 0.000000
0.548012 0.048874
0.000000 1.000000
1.000000 0.000000
0.483974 0.053189
0.000000 1.000000
1.000000 0.000000
0.420200 0.056548
0.000000 1.000000
1.000000 0.000000
0.357736 0.058716
0.000000 1.000000
1.000000 0.000000
0.297608 0.059486
0.000000 1.000000
1.000000 0.000000
0.240804 0.058696
0.000000 1.000000
1.000000 0.000000
0.188255 0.056254
0.000000 1.000000
1.000000 0.000000
0.140825 0.052146
0.000000 1.000000
1.000000 0.000000
0.099293 0.046443
0.000000 1.000000
1.000000 0.000000
0.064341 0.039286
0.000000 1.000000
1.000000 0.000000
0.036542 0.030864
0.000000 1.000000
1.000000 0.000000
0.016353 0.021387
0.000000 1.000000
1.000000 0.000000
0.004105 0.011049
0.000000 1.000000
1.000000 0.000000
0.000000 0.000000
0.000000 1.000000
1.000000 0.000000
0.004105 -0.011049
0.000000 1.000000
1.000000 0.000000
0.016353 -0.021387
0.000000 1.000000
1.000000 0.000000
0.036542 -0.030864
0.000000 1.000000
1.000000 0.000000
0.064341 -0.039286
0.000000 1.000000
1.000000 0.000000
0.099293 -0.046443
0.000000 1.000000
1.000000 0.000000
0.140825 -0.052146
0.000000 1.000000
1.000000 0.000000
0.188255 -0.056254
0.000000 1.000000
1.000000 0.000000
0.240804 -0.058696
0.000000 1.000000
1.000000 0.000000
0.297608 -0.059486
0.000000 1.000000
1.000000 0.000000
0.357736 -0.058716
0.000000 1.000000
1.000000 0.000000
0.420200 -0.056548
0.000000 1.000000
1.000000 0.000000
0.483974 -0.053189
0.000000 1.000000
1.000000 0.000000
0.548012 -0.048874
0.000000 1.000000
1.000000 0.000000
0.611260 -0.043846
0.000000 1.000000
1.000000 0.000000
0.672683 -0.038338
0.000000 1.000000
1.000000 0.000000
0.731269 -0.032572
0.000000 1.000000
1.000000 0.000000
0.786058 -0.026756
0.000000 1.000000
1.000000 0.000000
0.836150 -0.021084
0.000000 1.000000
1.000000 0.000000
0.880723 -0.015748
0.000000 1.000000
1.000000 0.000000
0.919044 -0.010932
0.000000 1.000000
1.000000 0.000000
0.950484 -0.006814
0.000000 1.000000
1.000000 0.000000
0.974528 -0.003557
0.000000 1.000000
1.000000 0.000000
0.990780 -0.001301
0.000000 1.000000
1.000000 0.000000
0.998973 -0.000146
0.000000 1.000000
1.000000 1.000000
2.000000 -1.000000
1.000000 1.000000
1.000000 1.000000
-1.000000 1.000000
1.000000 1.000000
1.000000 1.000000
0.903761 0.012879
1.000000 1.000000
1.000000 1.000000
0.807348 0.024387
1.000000 1.000000
1.000000 1.000000
0.710793 0.034642
1.000000 1.000000
1.000000 1.000000
0.614110 0.043603
1.000000 1.000000
1.000000 1.000000
0.517299 0.051050
1.000000 1.000000
1.000000 1.000000
0.420358 0.056541
1.000000 1.000000
1.000000 1.000000
0.323305 0.059336
1.000000 1.000000
1.000000 1.000000
0.226223 0.058204
1.000000 1.000000
1.000000 1.000000
0.129435 0.050813
1.000000 1.000000
1.000000 1.000000
0.034775 0.030193
1.000000 1.000000
1.000000 1.000000
0.081507 -0.043148
1.000000 1.000000
1.000000 1.000000
0.177751 -0.055521
1.000000 1.000000
1.000000 1.000000
0.274757 -0.059368
1.000000 1.000000
1.000000 1.000000
0.371843 -0.058337
1.000000 1.000000
1.000000 1.000000
0.468845 -0.054077
1.000000 1.000000
1.000000 1.000000
0.565721 -0.047537
1.000000 1.000000
1.000000 1.000000
0.662467 -0.039293
1.000000 1.000000
1.000000 1.000000
0.759087 -0.029670
1.000000 1.000000
1.000000 1.000000
0.855573 -0.018793
1.000000 1.000000
1.000000 1.000000
0.951905 -0.006624
1.000000 1.000000
1.000000 1.000000
-0.872340 -1.000000
1.000000 1.000000
1.000000 1.000000
-0.744681 -1.000000
1.000000 1.000000
1.000000 1.000000
-0.617021 -1.000000
1.000000 1.000000
1.000000 1.000000
-0.489362 -1.000000
1.000000 1.000000
1.000000 1.000000
-0.361702 -1.000000
1.000000 1.000000
1.000000 1.000000
-0.234043 -1.000000
1.000000 1.000000
1.000000 1.000000
-0.106383 -1.000000
1.000000 1.000000
1.000000 1.000000
0.021277 -1.000000
1.000000 1.000000
1.000000 1.000000
0.148936 -1.000000
1.000000 1.000000
1.000000 1.000000
0.276596 -1.000000
1.000000 1.000000
1.000000 1.000000
0.404255 -1.000000
1.000000 1.000000
1.000000 1.000000
0.531915 -1.000000
1.000000 1.000000
1.000000 1.000000
0.659574 -1.000000
1.000000 1.000000
1.000000 1.000000
0.787234 -1.000000
1.000000 1.000000
1.000000 1.000000
0.914894 -1.000000
1.000000 1.000000
1.000000 1.000000
1.042553 -1.000000
1.000000 1.000000
1.000000 1.000000
1.170213 -1.000000
1.000000 1.000000
1.000000 1.000000
1.297872 -1.000000
1.000000 1.000000
1.000000 1.000000
1.425532 -1.000000
1.000000 1.000000
1.000000 1.000000
1.553191 -1.000000
1.000000 1.000000
1.000000 1.000000
1.680851 -1.000000
1.000000 1.000000
1.000000 1.000000
1.808511 -1.000000
1.000000 1.000000
1.000000 1.000000
1.936170 -1.000000
1.000000 1.000000
1.000000 1.000000
2.000000 -0.870968
1.000000 1.000000
1.000000 1.000000
2.000000 -0.741935
1.000000 1.000000
1.000000 1.000000
2.000000 -0.612903
1.000000 1.000000
1.000000 1.000000
2.000000 -0.483871
1.000000 1.000000
1.000000 1.000000
2.000000 -0.354839
1.000000 1.000000
1.000000 1.000000
2.000000 -0.225806
1.000000 1.000000
1.000000 1.000000
2.000000 -0.096774
1.000000 1.000000
1.000000 1.000000
2.000000 0.032258
1.000000 1.000000
1.000000 1.000000
2.000000 0.161290
1.000000 1.000000
1.000000 1.000000
2.000000 0.290323
1.000000 1.000000
1.000000 1.000000
2.000000 0.419355
1.000000 1.000000
1.000000 1.000000
2.000000 0.548387
1.000000 1.000000
1.000000 1.000000
2.000000 0.677419
1.000000 1.000000
1.000000 1.000000
2.000000 0.806452
1.000000 1.000000
1.000000 1.000000
2.000000 0.935484
1.000000 1.000000
1.000000 1.000000
1.872340 1.000000
1.000000 1.000000
1.000000 1.000000
1.744681 1.000000
1.000000 1.000000
1.000000 1.000000
1.617021 1.000000
1.000000 1.000000
1.000000 1.000000
1.489362 1.000000
1.000000 1.000000
1.000000 1.000000
1.361702 1.000000
1.000000 1.000000
1.000000 1.000000
1.234043 1.000000
1.000000 1.000000
1.000000 1.000000
1.106383 1.000000
1.000000 1.000000
1.000000 1.000000
0.978723 1.000000
1.000000 1.000000
1.000000 1.000000
0.851064 1.000000
1.000000 1.000000
1.000000 1.000000
0.723404 1.000000
1.000000 1.000000
1.000000 1.000000
0.595745 1.000000
1.000000 1.000000
1.000000 1.000000
0.468085 1.000000
1.000000 1.000000
1.000000 1.000000
0.340426 1.000000
1.000000 1.000000
1.000000 1.000000
0.212766 1.000000
1.000000 1.000000
1.000000 1.000000
0.085106 1.000000
1.000000 1.000000
1.000000 1.000000
-0.042553 1.000000
1.000000 1.000000
1.000000 1.000000
-0.170213 1.000000
1.000000 1.000000
1.000000 1.000000
-0.297872 1.000000
1.000000 1.000000
1.000000 1.000000
-0.425532 1.000000
1.000000 1.000000
1.000000 1.000000
-0.553191 1.000000
1.000000 1.000000
1.000000 1.000000
-0.680851 1.000000
1.000000 1.000000
1.000000 1.000000
-0.808511 1.000000
1.000000 1.000000
1.000000 1.000000
-0.936170 1.000000
1.000000 1.000000
1.000000 1.000000
-1.000000 0.870968
1.000000 1.000000
1.000000 1.000000
-1.000000 0.741935
1.000000 1.000000
1.000000 1.000000
-1.000000 0.612903
1.000000 1.000000
1.000000 1.000000
-1.000000 0.483871
1.000000 1.000000
1.000000 1.000000
-1.000000 0.354839
1.000000 1.000000
1.000000 1.000000
-1.000000 0.225806
1.000000 1.000000
1.000000 1.000000
-1.000000 0.096774
1.000000 1.000000
1.000000 1.000000
-1.000000 -0.032258
1.000000 1.000000
1.000000 1.000000
-1.000000 -0.161290
1.000000 1.000000
1.000000 1.000000
-1.000000 -0.290323
1.000000 1.000000
1.000000 1.000000
-1.000000 -0.419355
1.000000 1.000000
1.000000 1.000000
-1.000000 -0.548387
1.000000 1.000000
1.000000 1.000000
-1.000000 -0.677419
1.000000 1.000000
1.000000 1.000000
-1.000000 -0.806452
1.000000 1.000000
1.000000 1.000000
-1.000000 -0.935484
1.000000 1.000000
1.000000 1.000000
-0.351436 0.434254
1.000000 1.000000
1.000000 1.000000
1.414197 -0.414285
1.000000 1.000000
1.000000 1.000000
0.939470 -0.501506
1.000000 1.000000
1.000000 1.000000
0.476508 0.531204
1.000000 1.000000
1.000000 1.000000
0.046129 -0.437528
1.000000 1.000000
1.000000 1.000000
1.415887 0.003580
1.000000 1.000000
1.000000 1.000000
-0.644446 0.639789
1.000000 1.000000
1.000000 1.000000
-0.668157 -0.272434
1.000000 1.000000
1.000000 1.000000
-0.168606 0.228869
1.000000 1.000000
1.000000 1.000000
1.150431 -0.275021
1.000000 1.000000
1.000000 1.000000
0.716486 -0.310901
1.000000 1.000000
1.000000 1.000000
1.657046 -0.657281
1.000000 1.000000
1.000000 1.000000
1.211206 -0.673569
1.000000 1.000000
1.000000 1.000000
1.669220 0.204339
1.000000 1.000000
1.000000 1.000000
-0.153972 0.683346
1.000000 1.000000
1.000000 1.000000
0.209004 0.691309
1.000000 1.000000
1.000000 1.000000
0.296905 0.328066
1.000000 1.000000
1.000000 1.000000
0.708915 -0.698345
1.000000 1.000000
1.000000 1.000000
-0.224901 -0.009232
1.000000 1.000000
1.000000 1.000000
0.922828 -0.236778
1.000000 1.000000
1.000000 1.000000
0.503906 0.266818
1.000000 1.000000
1.000000 1.000000
0.964983 -0.746544
1.000000 1.000000
1.000000 1.000000
-0.403939 0.741765
1.000000 1.000000
1.000000 1.000000
-0.391070 0.224382
1.000000 1.000000
1.000000 1.000000
0.435217 0.762327
1.000000 1.000000
1.000000 1.000000
1.756900 -0.435078
1.000000 1.000000
1.000000 1.000000
1.438470 0.755007
1.000000 1.000000
1.000000 1.000000
0.072033 -0.240577
1.000000 1.000000
1.000000 1.000000
1.349399 0.208398
1.000000 1.000000
1.000000 1.000000
1.771773 0.000000
1.000000 1.000000
1.000000 1.000000
1.145279 -0.476661
1.000000 1.000000
1.000000 1.000000
-0.151351 0.416753
1.000000 1.000000
1.000000 1.000000
-0.776163 -0.460007
1.000000 1.000000
1.000000 1.000000
0.663968 -0.508973
1.000000 1.000000
1.000000 1.000000
-0.555461 0.457287
1.000000 1.000000
1.000000 1.000000
0.226174 0.500310
1.000000 1.000000
1.000000 1.000000
0.012243 0.793751
1.000000 1.000000
1.000000 1.000000
-0.793251 0.793516
1.000000 1.000000
1.000000 1.000000
1.805455 0.805870
1.000000 1.000000
1.000000 1.000000
-0.815405 -0.168310
1.000000 1.000000
1.000000 1.000000
0.013519 0.612389
1.000000 1.000000
1.000000 1.000000
1.491172 -0.580405
1.000000 1.000000
1.000000 1.000000
-0.806584 0.171542
1.000000 1.000000
1.000000 1.000000
1.059365 -0.141300
1.000000 1.000000
1.000000 1.000000
1.588968 0.368325
1.000000 1.000000
1.000000 1.000000
-0.574290 0.815556
1.000000 1.000000
1.000000 1.000000
0.778296 0.184499
1.000000 1.000000
1.000000 1.000000
-0.074268 -0.119316
1.000000 1.000000
1.000000 1.000000
1.509461 0.144805
1.000000 1.000000
1.000000 1.000000
-0.302619 0.606467
1.000000 1.000000
1.000000 1.000000
0.636115 0.180676
1.000000 1.000000
1.000000 1.000000
1.016973 -0.360831
1.000000 1.000000
1.000000 1.000000
1.125223 -0.824748
1.000000 1.000000
1.000000 1.000000
0.216959 0.203422
1.000000 1.000000
1.000000 1.000000
-0.250418 0.825293
1.000000 1.000000
1.000000 1.000000
1.302609 -0.533592
1.000000 1.000000
1.000000 1.000000
0.598460 0.829712
1.000000 1.000000
1.000000 1.000000
1.602592 -0.826342
1.000000 1.000000
1.000000 1.000000
1.823812 0.598685
1.000000 1.000000
1.000000 1.000000
1.052312 -0.609719
1.000000 1.000000
1.000000 1.000000
0.374739 0.199484
1.000000 1.000000
1.000000 1.000000
1.263829 -0.373577
1.000000 1.000000
1.000000 1.000000
-0.042374 -0.314718
1.000000 1.000000
1.000000 1.000000
0.814891 0.829482
1.000000 1.000000
1.000000 1.000000
0.861537 0.361010
1.000000 1.000000
1.000000 1.000000
1.829445 -0.275207
1.000000 1.000000
1.000000 1.000000
-0.290263 0.140613
1.000000 1.000000
1.000000 1.000000
0.559856 0.655200
1.000000 1.000000
1.000000 1.000000
-0.467675 0.593651
1.000000 1.000000
1.000000 1.000000
0.565206 0.402153
1.000000 1.000000
1.000000 1.000000
0.804984 -0.572027
1.000000 1.000000
1.000000 1.000000
0.293031 0.841890
1.000000 1.000000
1.000000 1.000000
-0.829162 -0.627003
1.000000 1.000000
1.000000 1.000000
0.341404 0.602419
1.000000 1.000000
1.000000 1.000000
1.286248 -0.822602
1.000000 1.000000
1.000000 1.000000
0.144385 0.348873
1.000000 1.000000
1.000000 1.000000
-0.282060 -0.317711
1.000000 1.000000
1.000000 1.000000
1.006879 0.131880
1.000000 1.000000
1.000000 1.000000
-0.515560 0.310545
1.000000 1.000000
1.000000 1.000000
0.419110 -0.397676
1.000000 1.000000
1.000000 1.000000
-0.842543 -0.318267
1.000000 1.000000
1.000000 1.000000
1.616444 0.512919
1.000000 1.000000
1.000000 1.000000
-0.844591 0.320407
1.000000 1.000000
1.000000 1.000000
1.845763 0.136099
1.000000 1.000000
1.000000 1.000000
-0.106260 0.551346
1.000000 1.000000
1.000000 1.000000
-0.103564 0.855037
1.000000 1.000000
1.000000 1.000000
0.891825 0.120532
1.000000 1.000000
1.000000 1.000000
0.152426 -0.858381
1.000000 1.000000
1.000000 1.000000
1.231835 0.181341
1.000000 1.000000
1.000000 1.000000
0.932176 0.614251
1.000000 1.000000
1.000000 1.000000
1.344393 -0.657865
1.000000 1.000000
1.000000 1.000000
-0.859458 -0.031092
1.000000 1.000000
1.000000 1.000000
1.221959 -0.182067
1.000000 1.000000
1.000000 1.000000
0.030679 0.135737
1.000000 1.000000
1.000000 1.000000
-0.567535 0.018786
1.000000 1.000000
1.000000 1.000000
0.143654 0.568924
1.000000 1.000000
1.000000 1.000000
-0.339900 -0.047903
1.000000 1.000000
1.000000 1.000000
0.744404 0.425518
1.000000 1.000000
1.000000 1.000000
0.499995 0.153382
1.000000 1.000000
1.000000 1.000000
-0.450138 0.868600
1.000000 1.000000
1.000000 1.000000
1.032872 0.245175
1.000000 1.000000
1.000000 1.000000
0.342753 0.486694
1.000000 1.000000
1.000000 1.000000
1.001516 0.871664
1.000000 1.000000
1.000000 1.000000
-0.248613 -0.500883
1.000000 1.000000
1.000000 1.000000
-0.374083 0.091638
1.000000 1.000000
1.000000 1.000000
-0.668280 -0.402085
1.000000 1.000000
1.000000 1.000000
0.838131 0.713532
1.000000 1.000000
1.000000 1.000000
-0.530338 0.689160
1.000000 1.000000
1.000000 1.000000
0.612722 -0.290609
1.000000 1.000000
1.000000 1.000000
-0.028497 -0.205296
1.000000 1.000000
1.000000 1.000000
-0.179805 -0.098242
1.000000 1.000000
1.000000 1.000000
-0.674852 0.881595
1.000000 1.000000
1.000000 1.000000
-0.395223 -0.326213
1.000000 1.000000
1.000000 1.000000
-0.662667 -0.508438
1.000000 1.000000
1.000000 1.000000
0.120738 -0.148275
1.000000 1.000000
1.000000 1.000000
0.482424 -0.874953
1.000000 1.000000
1.000000 1.000000
1.396934 0.882449
1.000000 1.000000
1.000000 1.000000
1.698308 -0.321348
1.000000 1.000000
1.000000 1.000000
1.876926 -0.396633
1.000000 1.000000
1.000000 1.000000
0.452219 -0.643344
1.000000 1.000000
1.000000 1.000000
1.540496 0.692734
1.000000 1.000000
1.000000 1.000000
0.303916 -0.713131
1.000000 1.000000
1.000000 1.000000
0.088678 -0.680802
1.000000 1.000000
1.000000 1.000000
1.370895 0.318875
1.000000 1.000000
1.000000 1.000000
0.705518 0.886743
1.000000 1.000000
1.000000 1.000000
0.830455 0.270603
1.000000 1.000000
1.000000 1.000000
1.877153 -0.714742
1.000000 1.000000
1.000000 1.000000
1.508999 0.476526
1.000000 1.000000
1.000000 1.000000
-0.254195 -0.720717
1.000000 1.000000
1.000000 1.000000
1.715884 0.880657
1.000000 1.000000
1.000000 1.000000
1.118355 0.378169
1.000000 1.000000
1.000000 1.000000
-0.693186 -0.164174
1.000000 1.000000
1.000000 1.000000
-0.884370 0.881413
1.000000 1.000000
1.000000 1.000000
1.106935 0.706434
1.000000 1.000000
1.000000 1.000000
0.291304 -0.151644
1.000000 1.000000
1.000000 1.000000
0.426337 -0.290739
1.000000 1.000000
1.000000 1.000000
-0.538831 -0.204899
1.000000 1.000000
1.000000 1.000000
1.040015 -0.463957
1.000000 1.000000
1.000000 1.000000
-0.878401 -0.521006
1.000000 1.000000
1.000000 1.000000
-0.186987 0.321622
1.000000 1.000000
1.000000 1.000000
-0.666443 0.749076
1.000000 1.000000
1.000000 1.000000
-0.456414 0.491748
1.000000 1.000000
1.000000 1.000000
-0.061335 0.460964
1.000000 1.000000
1.000000 1.000000
0.704604 -0.126013
1.000000 1.000000
1.000000 1.000000
-0.035532 0.703106
1.000000 1.000000
1.000000 1.000000
0.033046 -0.326991
1.000000 1.000000
1.000000 1.000000
-0.890170 0.080065
1.000000 1.000000
1.000000 1.000000
0.659074 0.392187
1.000000 1.000000
1.000000 1.000000
1.892545 -0.891153
1.000000 1.000000
1.000000 1.000000
0.579328 0.557137
1.000000 1.000000
1.000000 1.000000
1.152197 0.586749
1.000000 1.000000
1.000000 1.000000
1.146640 -0.126690
1.000000 1.000000
1.000000 1.000000
-0.890721 0.726926
1.000000 1.000000
1.000000 1.000000
0.645944 -0.623266
1.000000 1.000000
1.000000 1.000000
0.239365 -0.403922
1.000000 1.000000
1.000000 1.000000
1.568417 0.232394
1.000000 1.000000
1.000000 1.000000
1.723928 -0.535982
1.000000 1.000000
1.000000 1.000000
1.411068 0.511732
1.000000 1.000000
1.000000 1.000000
1.758650 -0.683428
1.000000 1.000000
1.000000 1.000000
1.340140 -0.309020
1.000000 1.000000
1.000000 1.000000
1.505990 0.891504
1.000000 1.000000
1.000000 1.000000
0.138522 -0.455790
1.000000 1.000000
1.000000 1.000000
1.272331 0.270605
1.000000 1.000000
1.000000 1.000000
1.890556 0.509109
1.000000 1.000000
1.000000 1.000000
0.844039 -0.467480
1.000000 1.000000
1.000000 1.000000
1.242092 -0.276653
1.000000 1.000000
1.000000 1.000000
-0.342647 0.893864
1.000000 1.000000
1.000000 1.000000
-0.013154 0.895742
1.000000 1.000000
1.000000 1.000000
1.205785 0.889716
1.000000 1.000000
1.000000 1.000000
-0.254753 -0.406683
1.000000 1.000000
1.000000 1.000000
-0.212722 -0.578964
1.000000 1.000000
1.000000 1.000000
1.062977 0.071479
1.000000 1.000000
1.000000 1.000000
-0.560990 0.571070
1.000000 1.000000
1.000000 1.000000
0.387686 0.893236
1.000000 1.000000
1.000000 1.000000
0.239617 -0.599742
1.000000 1.000000
1.000000 1.000000
-0.760435 0.267654
1.000000 1.000000
1.000000 1.000000
-0.299717 0.041496
1.000000 1.000000
1.000000 1.000000
1.695809 -0.775056
1.000000 1.000000
1.000000 1.000000
0.066131 0.534970
1.000000 1.000000
1.000000 1.000000
0.934229 0.326699
1.000000 1.000000
1.000000 1.000000
-0.373908 -0.118067
1.000000 1.000000
1.000000 1.000000
0.703233 -0.225748
1.000000 1.000000
1.000000 1.000000
-0.902165 -0.223808
1.000000 1.000000
1.000000 1.000000
0.302404 0.235621
1.000000 1.000000
1.000000 1.000000
-0.733104 0.592572
1.000000 1.000000
1.000000 1.000000
-0.487326 0.226312
1.000000 1.000000
1.000000 1.000000
-0.366143 0.533840
1.000000 1.000000
1.000000 1.000000
0.896730 -0.898758
1.000000 1.000000
1.000000 1.000000
0.157621 -0.263325
1.000000 1.000000
1.000000 1.000000
1.770497 -0.187935
1.000000 1.000000
1.000000 1.000000
0.570941 0.125081
1.000000 1.000000
1.000000 1.000000
0.627241 -0.723844
1.000000 1.000000
1.000000 1.000000
0.824572 -0.103091
1.000000 1.000000
1.000000 1.000000
1.238689 -0.468258
1.000000 1.000000
1.000000 1.000000
-0.897248 0.416951
1.000000 1.000000
1.000000 1.000000
-0.751010 -0.083633
1.000000 1.000000
1.000000 1.000000
0.493089 0.346545
1.000000 1.000000
1.000000 1.000000
1.329912 0.440679
1.000000 1.000000
1.000000 1.000000
-0.387130 -0.647732
1.000000 1.000000
1.000000 1.000000
0.424735 -0.135682
1.000000 1.000000
1.000000 1.000000
-0.754297 0.689275
1.000000 1.000000
1.000000 1.000000
1.207697 0.776526
1.000000 1.000000
1.000000 1.000000
-0.462130 -0.391773
1.000000 1.000000
1.000000 1.000000
1.497043 -0.380194
1.000000 1.000000
1.000000 1.000000
0.332450 -0.401459
1.000000 1.000000
1.000000 1.000000
-0.742085 -0.347218
1.000000 1.000000
1.000000 1.000000
-0.171330 0.782774
1.000000 1.000000
1.000000 1.000000
-0.190714 0.903788
1.000000 1.000000
1.000000 1.000000
0.973914 -0.175524
1.000000 1.000000
1.000000 1.000000
0.538865 0.748230
1.000000 1.000000
1.000000 1.000000
1.441865 0.664421
1.000000 1.000000
1.000000 1.000000
1.582025 0.599720
1.000000 1.000000
1.000000 1.000000
-0.582089 0.368819
1.000000 1.000000
1.000000 1.000000
1.664154 -0.428333
1.000000 1.000000
1.000000 1.000000
1.902261 -0.213197
1.000000 1.000000
1.000000 1.000000
1.442118 0.199298
1.000000 1.000000
1.000000 1.000000
-0.783116 0.904774
1.000000 1.000000
1.000000 1.000000
-0.581890 0.226674
1.000000 1.000000
1.000000 1.000000
0.735762 -0.793044
1.000000 1.000000
1.000000 1.000000
0.217611 0.786101
1.000000 1.000000
1.000000 1.000000
0.949894 -0.410071
1.000000 1.000000
1.000000 1.000000
-0.537416 -0.906713
1.000000 1.000000
1.000000 1.000000
1.593428 0.144891
1.000000 1.000000
1.000000 1.000000
-0.648395 -0.038099
1.000000 1.000000
1.000000 1.000000
0.956781 0.081343
1.000000 1.000000
1.000000 1.000000
0.856792 -0.195405
1.000000 1.000000
1.000000 1.000000
-0.487024 0.781559
1.000000 1.000000
1.000000 1.000000
1.286257 0.727566
1.000000 1.000000
1.000000 1.000000
0.231955 0.909394
1.000000 1.000000
1.000000 1.000000
0.558026 0.207875
1.000000 1.000000
1.000000 1.000000
0.203166 0.130316
1.000000 1.000000
1.000000 1.000000
0.488696 0.441210
1.000000 1.000000
1.000000 1.000000
1.102025 -0.201173
1.000000 1.000000
1.000000 1.000000
1.091235 -0.909722
1.000000 1.000000
1.000000 1.000000
0.232863 0.282348
1.000000 1.000000
1.000000 1.000000
0.749331 0.512380
1.000000 1.000000
1.000000 1.000000
1.309999 0.908332
1.000000 1.000000
1.000000 1.000000
-0.111712 -0.185232
1.000000 1.000000
1.000000 1.000000
0.451199 -0.214550
1.000000 1.000000
1.000000 1.000000
1.047464 0.778545
1.000000 1.000000
1.000000 1.000000
0.567782 0.912974
1.000000 1.000000
1.000000 1.000000
1.193297 0.333095
1.000000 1.000000
1.000000 1.000000
1.001345 -0.548342
1.000000 1.000000
1.000000 1.000000
1.126710 0.020872
1.000000 1.000000
1.000000 1.000000
-0.100298 0.264103
1.000000 1.000000
1.000000 1.000000
-0.028585 0.540000
1.000000 1.000000
1.000000 1.000000
-0.336277 0.798825
1.000000 1.000000
1.000000 1.000000
1.758386 0.222644
1.000000 1.000000
1.000000 1.000000
-0.071135 0.623525
1.000000 1.000000
1.000000 1.000000
-0.019703 0.390586
1.000000 1.000000
1.000000 1.000000
1.531846 0.779074
1.000000 1.000000
1.000000 1.000000
1.239790 0.592611
1.000000 1.000000
1.000000 1.000000
-0.653245 0.058180
1.000000 1.000000
1.000000 1.000000
0.115286 0.780170
1.000000 1.000000
1.000000 1.000000
0.905834 -0.805405
1.000000 1.000000
1.000000 1.000000
1.910377 0.795471
1.000000 1.000000
1.000000 1.000000
1.795736 -0.907568
1.000000 1.000000
1.000000 1.000000
1.910847 -0.310547
1.000000 1.000000
1.000000 1.000000
0.732207 0.613385
1.000000 1.000000
1.000000 1.000000
1.613755 0.742501
1.000000 1.000000
1.000000 1.000000
1.088244 0.535565
1.000000 1.000000
1.000000 1.000000
0.591627 -0.476564
1.000000 1.000000
1.000000 1.000000
0.075781 -0.898815
1.000000 1.000000
1.000000 1.000000
1.674342 -0.007766
1.000000 1.000000
1.000000 1.000000
1.624952 0.910924
1.000000 1.000000
1.000000 1.000000
0.789472 0.338471
1.000000 1.000000
1.000000 1.000000
1.912349 -0.616209
1.000000 1.000000
1.000000 1.000000
0.993229 0.668291
1.000000 1.000000
1.000000 1.000000
